1147487704
009776474
1145570949
1148231416
1143192365
1147780116
1146832330
1145700744
1142335791
1146963879
1148111055
1148097973
1146698806
1150518478
1144246020
1147680118
1144856190
1145668412
1146842313
1146794563
0160481309
1146349236
1146353493
1148062100
1147659690
4150828335
1147738338
1139002214
1148737396
1147461097
1147838450
1142937372
1147064107
1147519480
1146012867
1145694343
1149442335
1149278440
1148601907
2306717782
1145699565
1145654040
4150829846
2393257361
1155585548
1147640385
1144773940
1143475745
1144372529
1148108119
1151320296
9000445566
1145740534
1155149626
1145006654
1148058702
1149568501
1167834611
1154432429
1145289532
1149985119
1145883698
1146204993
2268765183
1151924519
1145006555
4125980195
1148738147
1142626710
1146685928
1147337313
1144747464
2531899363
1149338111
1148245309
1145829717
2282693940
4860376625
1158567584
1144436639
1156795740
1136203252
1131370577
1146084254
1147910903
1146284375
1143219689
1146337629
1147649352
1148207242
1147522260
1149462796
1145914352
N009374192
1146064439
1146814544
1148491374
1148262668
2269462624
1141588416
1158610731
1147690927
1145774822
1146766728
1147518383
1143762746
1148101551
1147461873
1146766793
1147271025
1150343695
1142641180
1147974206
1146820475
011274656
1147822793
1148474479
1147923633
1142485562
1147233819
000066247
1147089070
2391356835
0000000213
2334998438
1145668503
1149410183
1146696594
1148855982
1135412094
1147809709
1146830565
1147842718
1148961152
1144522685
1148957341
1147036501
1154557514
1140762236
1155496019
2395627207
1148478686
1145221949
2278716754
1144022231
1142097706
1144602461
1142272960
4856528320
2080865628
2273698221
1143809398
1141815272
1145157267
1144837836
1141578086
1143706271
1141825941
4808539276
2269677577
1141050698
1144651799
1141815298
1145053375
1139673352
1143985362
1140342286
1146541634
1139955148
1141929800
2246706465
1143625398
1139225617
1142149739
2250871379
2238165910
1136656566
1142532702
1139525867
1190899789
2080747686
1143502019
1142055266
1138366370
1148518184
1143261574
1144729439
1139041527
1145963128
1144816467
1141616092
1143627725
1144036678
1141513620
1141884278
1143564480
1142217411
1144389036
4847113380
4868861834
1144783543
1141495521
1145572432
2269692055
1143765137
1144920038
09010330973
1134095908
05549-5
1142960762
1142001385
1143730024
1141993350
1145660237
1143512869
1140169481
2370831477
1145829428
13591
1145743413
1141764033
1134647336
1142174398
1141536597
1160386742
1143404448
2419703315
1141811222
1144247135
1155364720
1145111819
1145025266
1145025274
1143147039
1149091124
1146580038
1145690697
1138710973
2255521797
1145815062
2255809440
1143050381
1140991942
12135199046
1145233142
1142663937
1158567493
1144998083
2431800891
2350757213
1140153980
1141497816
2275709620
1142270790
2395627199
1137739668
1141204998
1141018448
1139131393
1138974603
2013152645
1140677210
1137839732
1138094378
1140847037
1142255668
1138362619
1139828063
1135261319
1138439979
1139898074
1142201159
1139475949
1135934816
2395864727
1137017669
1139492696
00214L112343
1139003295
06989863
1136768007
1142341070
2464968573
06987691
1140837186
1140278324
2240520417
1153654270
1145482806
009083910
1140062850
1142341096
4752352767
1138390594
1143219671
1136925490
1138452477
1140733815
1138471741
2250796774
1140851500
1139497687
1138834336
1140863422
1130116211
1137827802
1138444276
1140808724
1141219004
1138019177
1129520894
4158414302
1137498299
1140600451
1138390578
1139957250
1129704100
1139752503
1139595936
1138499387
1142577269
1141244291
1140271469
1139857682
1137533996
1138695232
1139768624
1140612423
1142112281
1139767634
1139684896
1137116768
2248706307
1140677806
1142160603
1139283616
2253972372
1139225641
1141266666
1137893184
1138693724
2251757643
1140863570
1162958936
1138736820
1135929782
1140245505
1154410904
1138716558
2252151614
2350757205
1138499528
2243326598
1138456007
1141852499
1140448588
1140554476
1141888873
1129062442
2252251638
2238605287
1138381908
1139588048
1111111111
